14800
14317
15370
15380
13934
15379
15376
15375
15374
15337
15335
15368
15333
15253
14578
15287
15334
15040
15140
15323
15012
15319
15301
15289
15294
15288
15286
15279
11780
15093
15158
15234
15263
8306
15256
15254
14980
15249
13704
14993
13804
11522
15235
13170
15227
15226
14158
14888
15211
15210
15203
15083
15166
15094
15176
14910
15160
15142
13455
14836
15133
14499
15105
14823
15092
14603
14672
14600
14831
14583
14297
14381
15016
14905
14542
4400
14280
14974
14949
14924
14917
14909
14816
14557
14857
14847
12719
14567
14467
14531
14807
13564
14778
14709
13923
14736
14668
14036
14678
14164
14652
14472
14680
14637
11994
12904
12953
14610
12750
12910
12623
14574
14573
14490
14480
14470
14465
14405
9324
14322
13085
12879
14008
13948
12608
14305
13884
14281
6643
14206
13090
14003
4992
3870
12981
13579
14189
14104
14171
14138
14140
14135
13635
13501
13212
13207
5695
13908
14114
13590
10191
12319
5576
12140
13803
14053
14063
13912
13940
13959
12764
13909
13897
13865
12672
13777
13827
13813
13768
12876
13436
13242
13134
13069
13003
12961
12927
12812
12783
12598
12596
12563
12557
12452
12398
12281
12179
12000
11998
11940
11877
11708
11707
11647
11646
11565
11547
11513
11405
11300
11262
11249
11412
11248
11238
11226
11132
11129
11127
11114
11041
11038
11036
11035
11030
10956
10742
10706
10651
10220
9692
8999
8720
8638
7942
7778
6232
6150
6108
5728
13823
7684
13452
13087
11566
9814
9268
8361
7957
12657
13523
13573
9627
10803
8249
7945
13184
13180
13163
12317
12723
12840
12871
12877
12808
12472
12652
12492
12604
5963
6058
8271
11731
11928
10587
11990
12201
11870
6902
12045
11174
11767
9682
11306
330
9663
10152
7591
4271
6543
8207
10669
7652
9190
5988
9561
9460
9261
9053
8956
5572
4361
5427
8438
8542
4616
5884
6070
8405
8403
8404
6065
8203
6180
7750
7703
7588
7590
6898
6897
5941
15363
12336
15364
14681
15300
15371
13227
14826
14929
15356
15281
15341
10652
10173
15325
15330
15039
15042
15296
14871
15290
15275
14682
15252
15179
13888
14971
15206
15207
15106
14386
15145
15123
15111
14976
14511
14512
15088
13092
14959
11546
15038
15000
13530
15011
14997
14970
13335
14647
14827
14890
14889
14880
12260
13181
14832
14824
13894
14394
13000
13095
14660
14653
14631
12960
14619
10497
12671
12945
14423
14324
14496
14486
13222
13225
13752
11810
13950
14248
14258
14294
14293
14209
14222
14152
14089
14123
14079
11675
13237
14080
14062
14028
13443
11246
13454
11834
13996
13737
13920
13744
13640
13611
13577
13553
13374
13488
13441
13337
13215
13205
13070
12992
12946
12915
12898
12866
12858
12857
12856
12845
12823
12773
12772
12766
12737
12694
12592
12591
12545
12489
12428
12263
11878
11861
11846
11818
11795
11451
11541
11252
11199
11159
11128
11078
10353
10336
10330
9949
8625
6943
6924
13047
8290
13509
13510
13485
12767
12528
9742
13229
13188
13187
13024
12078
11567
12411
12307
11519
11223
12048
12052
12132
11763
10093
11616
10816
11521
8230
11303
9516
9170
11069
11001
8009
8002
10833
10631
4108
9995
9547
9947
9440
9565
8781
5272
5273
5894
8937
8534
8499
8013
7408
7234
6736
5927
5323
14725
14341
14261
12941
13486
13302
